function Bog = Bogacki()
    Bog.C = [0,1/2, 3/4, 1];
    Bog.B = [2/9, 1/3, 4/9, 0; 7/24, 1/4, 1/3, 1/8];
    Bog.A = [0,0,0,0; 1/2,0,0,0; 0,3/4,0,0; 2/9,1/3, 4/9, 0];
end